27 25 0
58 22 0
45 36 0
27 33 0
44 24 0
58 37 0
64 31 0
50 25 0
58 32 0
47 31 0
39 33 0
37 36 0
43 26 0
12 40 0
68 34 0
35 28 0
62 22 0
48 23 0
32 38 0
54 36 0
23 30 0
57 36 0
29 27 0
35 30 0
63 29 0
31 42 0
36 26 0
60 21 0
23 21 0
61 32 0
54 40 1
79 45 1
54 47 1
56 48 1
64 40 1
56 35 1
78 43 1
63 38 1
60 42 1
84 43 1
83 30 1
87 40 1
68 49 1
63 31 1
69 50 1
65 40 1
70 50 1
86 38 1
74 37 1
77 47 1
50 38 1
88 31 1
59 46 1
70 40 1
81 48 1
71 40 1
79 44 1
79 39 1
89 33 1
66 32 1