5439.129	27294	34068	3406.8	2828.968	89	83	1
10608.242	12441	38678	3867.8	1090.019	208	44	1
11149.461	32123	41549	4154.9	1305.69	151	40	1
7224.148	18006	43947	4394.7	575.804	117	28	1
7405.224	5387	35172	3517.2	601.283	183	32	1
9698.35	4788	34359	3435.9	870.089	248	37	1
8910.682	3557	34233	3423.3	567.929	236	35	1
7978.419	2482	33298	3329.8	427.373	223	33	1
7974.946	1983	31905	3190.5	297.961	235	35	1
5111.262	1754	29615	2961.5	303.653	163	26	1
8008.85	3382	28859	2885.9	474.951	248	41	1
10768.283	10827	28375	2837.5	2452.199	275	55	1
9334.084	9289	34669	1890.854	8263.21	231	50	1
19348.852	12013	40986	6019.355	13329.497	365	79	1
10645.027	6674	47346	1254.156	9390.871	197	44	1
8639.905	4258	48982	920.865	7719.04	162	35	1
8133.756	5524	47472	965.33	7168.426	153	31	1
10081.779	5390	49004	969.727	9112.052	185	39	1
10035.998	2979	49669	547.511	9488.487	191	40	1
9627.711	3244	48709	736.23	8891.481	185	37	1
8449.489	3622	47321	767.697	7681.792	166	33	1
6878.227	1937	46514	379.243	6498.984	142	26	1
4844.113	1305	43709	327.865	4516.248	108	19	1
5076.767	1407	41558	202.938	4873.829	118	21	1
50829.179	35542	66012	6601.2	10458.333	501	700	2
56904.524	40190	67455	6745.5	13194.636	529	717	2
69191.862	41077	72670	7267	15276.204	608	779	2
63831.393	53338	63711	6371.1	15735.65	545	784	2
58647.09	78996	60834	6083.4	20189.942	419	754	2
79098.935	49037	81257	8125.7	23173.784	607	812	2
80210.765	48641	85293	8529.3	19574.37	599	806	2
74002.343	46358	81942	8194.2	18669.511	577	775	2
78537.801	41413	81147	8114.7	19986.444	641	789	2
80386.314	41882	81029	8102.9	18381.705	654	777	2
73943.745	40570	78108	7810.8	17016.672	623	628	2
62596.652	37491	72407	7240.7	14309.139	570	324	2
82460.141	61606	88856	10927.401	74905.14	570	147	2
67491.429	72794	93218	7508.202	59983.226	407	80	2
70799.345	83483	98173	1751.128	69048.217	390	352	2
76465.651	56173	105754	-2979.136	79444.787	472	698	2
53639.569	53252	91977	5400.334	48239.235	369	787	2
65562.108	85261	98425	4028.147	61533.961	357	849	2
46092.158	61607	89109	6243.53	39848.628	306	902	2
51769.125	111475	82137	14820.48	36948.645	267	873	2
61620.765	100591	91644	14882.031	46738.734	321	826	2
52341.866	61984	110285	10756.417	41585.449	304	866	2
35840.897	38709	113261	6923.211	28748.093	236	837	2
40104.045	36571	101648	9993.235	30110.95	290	775	2
24956.88	0	159794	15979.4	0	156	244	3
27669.805	0	162416	16241.6	0	170	191	3
28003.722	0	169884	16988.4	0	165	204	3
20732.992	21684	143630	14363	4092.002	125	145	3
17411.536	0	165586	16558.6	0	105	95	3
24088.221	0	161786	16178.6	0	149	93	3
20990.887	0	131076	13107.6	0	160	57	3
23443.409	128620	69922	6992.2	399362.644	118	52	3
25156.945	48115	74093	7409.3	5840.539	206	49	3
26303.354	23626	101902	10190.2	3386.482	210	45	3
26412.324	39753	106268	10626.8	5009.509	181	39	3
32242.399	27712	114152	11415.2	5402.691	227	36	3
36954.343	23992	113935	6590.642	30823.346	271	48	3
38844.88	26739	107824	6917.033	31927.848	289	53	3
44248.784	27649	103352	6991.485	37257.299	338	81	3
43439.338	52544	102319	8227.218	35212.12	281	94	3
38283.641	39586	94881	7749.626	30534.015	285	94	3
41726.169	51534	117609	8156.603	33569.567	247	98	3
33670.904	52643	116761	6667.714	27003.19	199	116	3
38807.116	53754	141193	6160.983	32646.133	199	113	3
38229.386	33619	169238	4207.704	34021.681	188	106	3
32929.303	11569	155183	2378.654	30550.649	197	141	3
29289.249	8622	112692	1680.675	27608.573	241	118	3
32352.312	18654	94624	2867.684	29484.628	286	104	3
4099.792	0	8291	829.1	0	494	4812	4
4425.094	1764	6875	687.5	438.337	512	3438	4
4224.208	1394	6420	642	466.484	541	3143	4
4931.353	2512	6444	644.4	644.894	551	2576	4
3691.925	1909	6593	659.3	421.704	434	2618	4
4277.921	20581	6426	642.6	548.942	158	2432	4
4221.088	10237	6618	661.8	451.358	250	2482	4
4176.434	11549	6663	666.3	454.434	229	2601	4
4132.067	6111	6597	659.7	422.1	325	2567	4
4151.889	6262	6535	653.5	404.406	324	2700	4
3850.478	4497	6123	612.3	354.999	363	2865	4
4191.73	2567	5916	591.6	517.911	494	2787	4
4426.681	2687	5969	433.042	3946.196	506	3029	4
4244.839	2090	5842	352.321	3892.519	535	2765	4
4520.415	2339	5922	584.736	3935.679	547	2890	4
3973.506	1894	5773	597.955	3375.551	518	2059	4
3948.261	2302	5433	736.567	3211.694	510	1514	4
4129.114	3254	5864	1013.692	3115.422	453	1868	4
3482.855	2210	5613	808.819	2674.037	445	2151	4
1803.446	1457	4836	275.52	1527.926	287	1372	4
2032.184	1544	4556	436.194	1595.991	333	1870	4
1346.242	1088	3554	315.169	1031.074	290	1391	4
93.932	327	1203	26.062	67.87	61	595	4
23.384	183	353	8.68	14.704	44	459	4
313305.924	69197	102286	10228.6	48493.604	1827	393	5
394786.903	166203	107519	10751.9	178365.192	1442	426	5
552879.754	135642	90785	9078.5	128396.991	2418	473	5
602663.762	0	236780	23678	0	2545	453	5
555138.627	101244	146125	14612.5	70408.666	2244	424	5
338304.83	37439	146266	14626.6	23571.414	1842	455	5
75522.683	9410	77174	7717.4	5535.514	872	759	5
112234.144	63910	45593	4559.3	49047.444	1025	818	5
139435.827	76456	70664	7066.4	56122.064	948	817	5
158633.294	77133	96780	9678	56021.441	912	696	5
154751.234	72332	104596	10459.6	66883.775	875	808	5
102140.511	43797	104842	10484.2	37074.334	687	695	5
78750.936	36314	99791	30529.516	48221.42	579	613	5
87180.115	48061	102233	38876.644	48303.47	580	558	5
100211.554	48863	118888	39827.337	60384.217	597	561	5
132920.299	80981	143704	58366.397	74553.902	592	509	5
164187.312	90317	150348	75185.883	89001.429	682	336	5
141874.222	65636	196223	50190.856	91683.365	542	420	5
80004.006	39302	171913	32659.666	47344.34	379	729	5
96125.056	56541	165484	41764.586	54360.47	433	732	5
104308.135	50315	163908	36198.008	68110.128	487	398	5
127889.336	53706	135354	50432.16	77457.176	676	341	5
135713.297	78219	115702	55749.755	79963.542	700	357	5
78771.518	91806	124994	29115.571	49655.947	363	357	5
76978.845	26006	76818	7681.8	4848.773	749	6016	6
82800.36	15141	73552	7355.2	6934.257	923	3668	6
90306.301	19966	75339	7533.9	7683.935	940	4496	6
88071.218	16567	76810	7681	5774.65	943	6492	6
84213.22	17284	71737	7173.7	8059.503	925	5066	6
106781.084	43547	98527	9852.7	20718.489	752	4052	6
86458.44	3705	90042	9004.2	994.256	922	5574	6
88374.75	13744	77148	7714.8	6791.601	972	5606	6
89530.348	13374	76034	7603.4	5627.129	1001	5421	6
105743.743	15017	77056	7705.6	10090.597	1148	9111	6
94097.289	13179	76320	7632	5770.999	1051	8010	6
92981.81	16916	75264	7526.4	6062.721	1009	9533	6
89600.355	14036	76196	4923.09	84677.265	993	9569	6
92307.829	13163	74048	6622.076	85685.753	1058	9264	6
97098.062	13667	74991	6955.946	90142.115	1095	10194	6
98660.619	12944	73866	8832.345	89828.275	1137	10515	6
95768.079	15754	69829	7563.898	88204.181	1119	10916	6
96369.5	15159	74168	6303.305	90066.195	1079	11584	6
99900.045	15013	73415	6568.872	93331.173	1130	11652	6
90150.212	12226	72551	5336.064	84814.148	1063	10215	6
89299.221	12401	70226	5339.268	83959.954	1081	10711	6
85737.291	14770	68224	7008.234	78729.057	1033	11202	6
92523.084	12756	67303	7199.211	85323.873	1156	14017	6
73027.456	9408	64957	3541.331	69486.125	982	12447	6
32135.3	0	98805	9880.5	0	337	2293	7
35007.574	0	108970	10897	0	358	1721	7
38119.787	0	116045	11604.5	0	396	1844	7
36260.305	0	117735	11773.5	0	327	2784	7
34840.657	0	133874	13387.4	0	299	4032	7
35974.211	10428	54335	5433.5	1383.286	290	3033	7
39786.188	30712	95413	9541.3	5596.415	315	3367	7
49589.516	33771	108053	10805.3	5680.754	350	1926	7
54510.32	27085	116037	11603.7	5596.796	381	1193	7
62707.235	46343	120573	12057.3	9796.738	376	1293	7
59755.857	36982	139593	13959.3	8769.298	338	1515	7
60966.576	41329	152237	15223.7	9631.48	315	1560	7
65713.011	51646	165166	10407.875	55382.104	303	1897	7
61114.055	49285	179242	10218.538	50895.517	267	1534	7
47043.349	52686	183204	10910.669	36132.681	199	1189	7
35816.081	48507	170420	11104.885	24711.195	164	808	7
18066.344	28099	142410	4628.825	13437.519	106	871	7
19743.581	75565	163489	5974.912	13768.669	83	871	7
20384.973	40999	203152	5851.867	14533.105	83	893	7
21420.722	47183	202410	6438.742	14981.98	86	926	7
21401.677	41002	214276	6100.031	15301.646	84	964	7
16182.01	28560	205068	3942.249	12239.761	69	614	7
57934.993	47283	150594	21718.968	36216.025	293	2673	7
56090.87	30635	140657	4604.558	51486.312	327	3492	7
4945.323	0	24827	2482.7	0	199	802	8
7133.392	12933	19993	1999.3	1832.748	217	728	8
3919.535	4102	18457	1845.7	466.161	174	752	8
5210.707	12799	18108	1810.8	824.41	169	743	8
5553.262	4734	19090	1909	721.719	233	735	8
6672.52	11734	0	0	1150.022	210	769	8
5325.007	5092	0	0	589.561	183	711	8
4997.045	5470	19615	1961.5	630.18	199	739	8
7395.9	9582	20229	2022.9	1091.953	248	790	8
5135.077	6640	25205	2520.5	481.312	161	800	8
5811.252	5594	27072	2707.2	572.211	178	807	8
5668.931	4243	25776	2577.6	588.943	189	822	8
6870.574	8050	26573	972.546	5898.028	198	821	8
6236.983	4849	24758	841.7	5395.282	211	808	8
6768.193	13169	26389	1147.255	5620.938	171	744	8
6949.128	8064	32754	1216.412	5732.716	170	758	8
906.264	1996	23384	145.343	760.921	36	698	8
7285.318	12624	29774	1444.641	5840.678	172	368	8
10585.472	9177	24096	3620.175	6965.297	318	411	8
8420.593	6373	19844	2784.001	5636.591	321	385	8
9953.401	8344	23311	3188.002	6765.399	314	424	8
7854.627	3213	25592	1167.394	6687.233	273	398	8
4647.466	1464	25450	307.012	4340.455	173	399	8
4944.791	871	25796	217.692	4727.099	185	387	8
11396.802	8176	65988	6598.8	1081.282	154	606	9
14519.307	12092	61894	6189.4	2169.819	196	883	9
19591.15	16681	66214	6621.4	3953.472	236	892	9
20609.083	15210	72580	7258	3373.004	235	876	9
10593.7	11147	66082	6608.2	1657.112	137	855	9
16465.225	24597	68273	6827.3	3746.117	177	879	9
12837.244	13114	73826	7382.6	2116.016	148	884	9
17013.441	17845	72710	7271	2635.992	188	889	9
19550.379	20363	76385	7638.5	5165.453	202	914	9
22104.035	15689	79072	7907.2	3282.239	233	925	9
18506.342	16809	71134	7113.4	3671.953	210	897	9
14658.844	18043	66535	6653.5	3546.669	173	761	9
15897.282	15066	57896	3437.137	12460.146	218	788	9
19452.409	20910	51557	4030.958	15421.451	268	819	9
25954	20862	56590	8735.069	17218.931	335	791	9
14502.843	13721	38103	3182.448	11320.395	280	703	9
8263.439	13652	24488	2864.11	5399.329	217	610	9
7914.331	13148	14592	5397.161	2517.17	285	707	9
5305.699	2266	2557	340.825	4964.875	1100	708	9
8202.089	2373	3954	350.167	7851.923	1296	625	9
5293.585	1431	4509	129.807	5163.778	891	348	9
4440.053	1173	4388	101.565	4338.487	798	309	9
2274.299	749	3284	61.109	2213.191	564	578	9
3479.093	1475	2801	158.139	3320.954	814	712	9
3624.818	0	12613	1261.3	0	287	712	10
3730.93	4594	6308	630.8	858.747	342	1517	10
4277.676	4247	6833	683.3	812.698	386	1020	10
4545.653	0	10563	1056.3	0	430	1331	10
4465.358	0	10159	1015.9	0	440	956	10
4895.97	0	12728	1272.8	0	385	771	10
3542.584	0	20042	2004.2	0	177	150	10
5577.202	0	18633	1863.3	0	299	92	10
5674.735	5652	7916	791.6	977.747	418	84	10
5404.857	11446	8017	801.7	934.078	278	74	10
6086.574	6944	8097	809.7	1023.649	405	99	10
4911.951	5749	8008	800.8	946.459	357	83	10
5375.484	4912	8667	1036.258	4339.227	396	85	10
5699.941	4150	8837	960.331	4739.61	439	92	10
4862.532	3187	8504	907.039	3955.493	416	419	10
4509.159	3283	7628	1027.081	3482.078	413	1073	10
5220.21	4147	6928	1300.513	3919.697	471	1021	10
4445.974	3085	7751	875.646	3570.328	410	2035	10
3772.43	3371	7009	749.257	3023.174	363	1039	10
3814.611	2783	7412	601.074	3213.537	374	1301	10
3972.242	2244	6951	518.802	3453.44	432	1400	10
2145.951	1558	5265	405.365	1740.586	315	1814	10
2779.593	2147	3902	699.617	2079.976	460	2504	10
3008.306	1979	4149	491.269	2517.038	491	3573	10
17699.522	0	107455	10745.5	0	165	54	11
19949.331	77021	96435	9643.5	3117.84	115	136	11
21623.934	40070	116459	11645.9	2390.183	138	147	11
21513.473	30070	0	0	2487.822	144	156	11
26263.274	32547	0	0	3194.681	154	204	11
36294.538	30004	0	0	3029.798	217	172	11
22758.171	9941	0	0	2233.403	217	204	11
24406.221	17851	83337	8333.7	2852.424	241	153	11
26802.018	29853	90475	9047.5	4203.757	223	123	11
30798.899	34518	105473	10547.3	4264.719	220	178	11
46952.791	109279	125198	12519.8	5469.718	200	192	11
54088.826	20757	138594	13859.4	4629.205	339	228	11
53888.18	17966	127010	6969.435	35231.056	361	144	11
63323.092	30634	126594	3291.768	53485.752	392	125	11
62763.964	28859	140043	2968.564	59795.399	372	212	11
51301.305	88188	147843	2261.621	49039.684	217	116	11
38580.616	14572	136616	2360.962	36219.654	255	125	11
76566.223	74207	139990	6356.501	62100.296	357	158	11
43080.668	20567	123164	3408.617	35212.252	297	137	11
55525.764	49508	125508	5367.779	46394.874	317	162	11
40225.201	37118	152172	2776.76	37448.442	213	134	11
50538.945	20018	155382	3335.61	47203.336	288	257	11
36738.824	22810	146443	1609.026	35129.798	217	146	11
35095.07	24678	137633	1352.021	33743.048	216	164	11
22108.948	12326	32840	3284	4593.721	490	724	12
31957.466	0	50479	5047.9	0	633	967	12
45585.473	0	46929	4692.9	0	970	989	12
40202.86	0	51822	5182.2	0	776	766	12
19175.189	0	39436	3943.6	0	486	1694	12
18027.968	0	43714	4371.4	0	412	604	12
13064.548	11644	18866	1886.6	5227.684	428	18962	12
12307.296	14529	16330	1633	5108.493	399	614	12
15583.264	18101	20273	2027.3	6664.802	406	633	12
22222.019	19589	26807	2680.7	7888.453	479	625	12
22022.773	15400	31045	3104.5	5560.839	474	639	12
17601.303	12789	29073	2907.3	4083.165	420	629	12
16047.881	12302	25766	3699.204	12346.814	422	604	12
21560.632	18856	27370	5993.748	15566.884	466	668	12
22640.719	14819	31288	5159.201	17481.518	491	704	12
15222.349	10755	28092	3246.813	11975.536	392	624	12
14555.266	11439	22500	3750.094	10805.172	429	535	12
14808.012	13109	23955	4506.911	10301.101	400	632	12
11361.328	10252	22734	3029.552	8331.776	344	682	12
17162.551	16336	24911	5912.562	11249.989	416	680	12
15070.869	10276	27511	3182.243	11888.626	399	707	12
13068.175	10057	24856	3091.879	9976.296	374	678	12
12861.144	8934	20702	4051.416	8809.728	434	686	12
13228.683	11664	19896	3737.003	9491.68	419	640	12
2165.104	2395	3654	365.4	697.301	358	3129	13
2470.093	2508	4191	419.1	813.417	369	3509	13
3229.308	3121	4447	444.7	1437.732	427	2230	13
3861.322	4861	5347	534.7	1448.325	378	4334	13
2874.886	2701	5497	549.7	817.584	351	4736	13
3899.408	3761	5977	597.7	1019.984	400	1777	13
3430.486	3209	6511	651.1	876.293	353	3596	13
4124.545	3773	6587	658.7	1085.72	398	2237	13
4847.4	4494	6882	688.2	1554.527	426	1597	13
5174.601	4460	7359	735.9	1578.066	438	1537	13
5156.399	5502	7646	764.6	1658.285	392	1090	13
5031.437	6078	8852	885.2	1868.037	337	987	13
4407.142	5796	10811	1482.694	2924.448	265	652	13
6345.044	10057	12109	2747.493	3597.551	286	667	13
7500.284	7112	15271	2521.681	4978.603	335	1156	13
7993.489	7282	17264	3055.155	4938.334	326	999	13
4103.594	5315	19313	1360.763	2742.831	167	1144	13
4366.527	7040	21954	1616.241	2750.286	151	949	13
3171.85	4943	27191	942.75	2229.1	99	804	13
4035.942	8805	27223	1393.001	2642.941	112	835	13
3733.97	6307	28233	1199.538	2534.432	108	596	13
4534.731	6623	28720	1784.615	2750.117	128	331	13
2165.949	1068	28780	237.02	1928.929	73	210	13
1555.833	915	24763	164.485	1391.348	61	242	13
995.074	1122	1037	103.7	239.773	461	8965	14
862.375	675	885	88.5	167.799	553	8136	14
837.852	838	724	72.4	370.666	536	8728	14
889.459	902	724	72.4	223.871	547	8720	14
866.908	1418	774	77.4	255.748	395	8757	14
973.694	3945	892	89.2	311.64	201	9273	14
942.353	3439	928	92.8	264.756	216	9616	14
911.691	3687	884	88.4	238.661	199	9497	14
941.53	3000	907	90.7	163.559	241	9415	14
960.45	3127	880	88	209.611	240	9605	14
960.54	2681	836	83.6	230.595	273	9605	14
900.415	2350	815	81.5	242.74	284	9579	14
905	2658	811	201.611	703.389	261	9050	14
710	1987	779	200.702	509.298	257	8875	14
980	1261	827	325.446	654.554	469	8673	14
820	855	763	183.759	636.241	507	9318	14
1015	1531	792	344.788	670.212	437	9854	14
900	798	909	173.869	726.131	527	9890	14
1180	755	814	184.952	995.048	752	10000	14
865	783	867	163.275	701.725	524	9943	14
990	696	885	143.227	846.773	626	10102	14
1075.6	5178	708	105.625	969.975	183	9959	14
1039.99	622	695	158.676	881.314	790	9905	14
1179.8	554	832	109.448	1070.352	851	9750	14
2345.1	0	6535	653.5	0	359	63381	15
2541.06	1680	4562	456.2	474.451	407	51858	15
2530.2	1572	4655	465.5	460.885	406	57505	15
3297.6	2765	4602	460.2	892.982	448	80429	15
3858.4	2984	4927	492.7	834.635	488	83878	15
3991.8	4130	5459	545.9	913.288	416	80246	15
3012.2	4102	4782	478.2	721.465	339	71719	15
3726	2916	4789	478.9	1006.526	484	75021	15
3560	2619	5184	518.4	725.467	456	72653	15
3766.27	2541	5262	526.2	813.198	483	81875	15
3939.011	2781	5152	515.2	813.651	497	69105	15
4079.947	2446	5054	505.4	806.042	544	45842	15
3873.791	2130	5113	648.99	3224.801	535	57818	15
4036.55	2319	5129	828.295	3208.255	542	59361	15
3870.407	2214	5296	666.274	3204.133	515	46076	15
3986.9	2003	4937	790.057	3196.842	574	19835	15
3655.65	2124	4589	765.922	2889.728	545	8960	15
3675.543	2328	4798	826.507	2849.036	516	9189	15
3860.093	2222	4668	936.374	2923.719	560	5619	15
3338.77	1876	4837	681.166	2657.604	497	7856	15
3016.675	1810	4441	653.742	2362.933	483	6391	15
4444.9	2230	4195	931.595	3513.305	692	6956	15
2868.209	2558	4018	639.295	2228.914	436	6116	15
1016.45	735	2313	205.389	811.061	333	4381	15
5782.915	2998	8216	821.6	703.136	516	1955	16
5648.806	3467	8910	891	685.585	456	2039	16
6261.607	2692	9268	926.8	677.063	524	2016	16
5673.842	3022	9066	906.6	628.766	469	2367	16
5710.159	3495	8790	879	671.928	465	2533	16
7775.661	6854	10178	1017.8	1649.781	457	1462	16
7061.942	5155	12454	1245.4	1459.85	401	1917	16
7382.945	6076	13396	1339.6	1481.576	379	2084	16
6558.77	5864	14539	1453.9	1289.595	321	1681	16
8215.648	6745	15991	1599.1	2038.646	361	2089	16
8052.157	4726	18038	1803.8	1303.239	354	2160	16
8034.828	5083	18371	1837.1	1303.503	343	2219	16
7583.606	7663	24093	1242.321	6224.462	239	1939	16
7523.965	8052	23761	1519.3	5815.706	237	1959	16
8001.053	6699	22930	1277.02	6306.014	270	2262	16
7930.996	9440	22069	1587.961	6230.367	252	2098	16
6821.651	8887	24014	1383.868	5413.495	207	2108	16
9645.385	10525	23012	2399.655	7649.234	288	2279	16
15241.582	7616	22994	1923.144	13971.877	498	2427	16
6446.537	4303	19040	1194.876	5264.107	276	1084	16
5549.147	4412	18632	927.772	4623.957	241	797	16
3192.461	1814	17229	311.341	2884.462	168	594	16
127.165	288	1207	29.82	97.345	85	1026	16
317.129	6612	757	265.786	51.342	43	1220	16
37831.079	58697	63571	6357.1	14570.336	309	2279	17
36064.089	54210	57229	5722.9	14715.72	324	2040	17
35133.019	45392	58124	5812.4	13077.148	339	2204	17
39868.831	42200	56578	5657.8	15064.235	404	2107	17
30600.249	44126	48804	4880.4	13812.01	329	2001	17
32072.949	52701	49357	4935.7	12831.797	314	1817	17
29228.772	0	0	0	0	345	2443	17
26797.2	36363	41565	4156.5	11195.804	344	2395	17
17487.665	26316	30161	3016.1	7683.698	310	1079	17
22824.856	90756	40127	4012.7	11683.254	174	1124	17
28819.293	36692	116779	11677.9	6446.492	188	1072	17
33546.487	34483	124166	12416.6	7792.634	211	1670	17
32759.32	25387	112372	6159.063	26600.257	238	1640	17
33553.185	32742	109489	7239.036	26314.149	236	1520	17
50606.387	32911	107612	9992.929	40613.458	360	2145	17
46413.062	36845	101514	10388.254	36024.808	335	1961	17
33291.292	29548	62209	8572.795	24718.497	363	2028	17
45140.998	57497	56898	17489.144	27651.854	395	3246	17
32035.833	49766	81908	8426.009	23609.824	243	266	17
21776.236	19799	100331	3982.521	17793.714	181	190	17
25179.633	30045	107205	4302.205	20877.428	183	199	17
12993.189	8925	106148	1546.651	11446.539	113	146	17
7214.181	7314	16294	916.53	6297.651	306	155	17
9535.42	7598	10198	1592.002	7943.418	536	283	17
1512.269	1101	3203	320.3	304.559	351	1279	18
1834.293	1064	3069	306.9	284.83	444	1366	18
1978.438	914	3313	331.3	237.482	468	1455	18
1639.676	788	3269	326.9	211.216	404	1304	18
900.643	731	2779	277.9	157.24	257	1173	18
1156.469	1464	2884	288.4	167.435	266	1323	18
1267.011	1448	3023	302.3	143.199	283	1324	18
1656.617	1667	3221	322.1	366.351	339	1377	18
1821.271	1723	3318	331.8	305.496	361	1138	18
1369.18	1316	3198	319.8	219.862	303	1124	18
1417.626	706	2667	266.7	184.098	420	874	18
1289.168	843	2738	273.8	174.196	360	960	18
1079.189	710	2818	147.195	936.081	307	1128	18
1251.602	1140	2821	242.901	1008.701	316	1422	18
1753.217	1793	3137	360.968	1395.669	356	1090	18
1415.05	776	2927	213.283	1201.768	382	800	18
936.062	1007	2626	183.882	752.18	258	888	18
1280.572	1478	2848	204.769	1075.802	296	826	18
1128.88	727	2911	149.926	978.953	310	922	18
843.071	681	2615	127.763	715.308	256	1135	18
806.154	542	2400	84.489	721.665	274	1527	18
263.272	290	1845	27.363	235.909	123	1191	18
57.401	86	364	4.314	53.088	128	4415	18
37.137	106	121	8.754	28.384	164	9284	18
6192.486	1999	4841	484.1	1496.507	905	0	19
10450.003	3159	5164	516.4	3342.635	1256	0	19
9999.738	2448	5477	547.7	2354.568	1262	0	19
10786.773	2347	5587	558.7	2590.025	1360	0	19
8035.809	3289	6106	610.6	1848.759	855	0	19
7575.137	2990	6923	692.3	1896.532	764	760	19
8270.549	2318	7214	721.4	2007.39	868	873	19
7939.822	2532	7274	727.4	1687.726	810	879	19
7710.451	2647	7572	757.2	1889.916	755	716	19
8290.368	3127	7950	795	1962.947	748	807	19
7796.387	2360	8555	855.5	1351.042	714	685	19
8912.592	13313	3708	370.8	6894.522	524	703	19
12389.653	3113	15554	2035.616	10324.14	662	684	19
13607.895	3442	16047	1708.468	11899.427	698	615	19
16663.59	3600	15871	2465.265	14198.325	856	564	19
19043.82	5946	16017	5258.771	13785.049	867	637	19
16550.55	3041	15497	2069.362	14481.188	893	512	19
16412.471	3194	16476	2191.016	14221.455	834	487	19
17181.103	2764	17470	2039.016	15142.088	849	481	19
18838.107	2700	17871	2474.56	16363.547	916	486	19
19912.343	3164	18596	2713.868	17198.474	915	476	19
7449.032	1096	12950	-100.756	7549.788	530	281	19
162.848	500	1107	-54.523	217.371	101	174	19
33.924	348	229	-1.977	35.901	59	96	19
1217.826	904	2774	277.4	210.148	331	708	20
1624.184	1198	2956	295.6	361.879	391	744	20
2060.622	1661	3294	329.4	432.099	416	786	20
1639.922	1207	3296	329.6	352.78	364	796	20
986.098	1495	3252	325.2	258.568	208	802	20
1767.911	1535	3706	370.6	350.75	337	782	20
1579.785	1028	3949	394.9	228.15	317	730	20
1371.339	972	3836	383.6	205.235	285	755	20
1744.992	1556	3907	390.7	245.625	319	795	20
1549.783	991	4050	405	191.846	307	746	20
1541.405	796	3885	388.5	215.69	329	782	20
1606.61	735	3504	350.4	210.722	379	821	20
1547.914	639	3207	185.74	1362.174	402	891	20
1833.125	901	3179	302.059	1531.066	449	997	20
1716.334	762	3396	239.446	1476.888	413	956	20
1307.834	539	2978	182.318	1125.516	372	833	20
620.194	579	2357	143.701	476.492	211	773	20
1083.771	824	2579	174.409	909.362	318	947	20
656.364	389	2381	75.624	580.741	237	766	20
453.567	442	1677	102.391	351.175	214	767	20
563.258	629	1587	144.035	419.223	254	756	20
281.557	295	1253	53.127	228.43	182	655	20
153.084	194	749	33.321	119.763	162	769	20
131.291	186	585	22.414	108.877	170	831	20
2517.6	1957	3023	302.3	280.31	506	104900	21
2397.1	716	3077	307.7	175.258	632	58466	21
2326.015	612	3071	307.1	158.795	632	89462	21
2805.3	547	2998	299.8	190.156	791	121970	21
2612.7	724	2737	273.7	239.745	755	113596	21
2722.6	641	2974	297.4	200.181	753	128580	21
3556.7	594	3081	308.1	202.286	968	148196	21
3618.4	512	2972	297.2	187.553	1039	164473	21
3838.7	682	3033	303.3	289.794	1033	123829	21
3943.7	498	3179	317.9	216.47	1073	112677	21
3868.7	458	3229	322.9	155.354	1049	161196	21
3693.2	469	3227	322.7	173.419	999	127352	21
3395.8	414	3172	165.583	3230.217	947	161705	21
3610.8	468	3092	165.894	3444.906	1014	138877	21
4361	462	3113	243.982	4117.018	1220	161519	21
3395.9	445	3026	157.094	3238.806	978	106122	21
2823	486	2467	204.762	2618.238	956	108577	21
3305.2	706	2742	310.276	2994.924	959	150236	21
3574.1	525	2902	231.347	3342.753	1043	111691	21
3160.4	348	2912	143.88	3016.52	969	117052	21
3794.8	440	2782	247.122	3547.678	1178	90352	21
2673.7	295	2383	161.861	2511.839	998	116248	21
2106.9	302	1947	138.167	1968.733	937	123935	21
1850.3	415	1820	173.047	1677.253	828	80448	21
11215.421	9781	14057	1405.7	1611.076	470	21568	22
12269.775	7956	15751	1575.1	1424.767	518	21794	22
12397.439	8788	15529	1552.9	1507.138	510	21120	22
13251.253	9131	15602	1560.2	1800.402	536	25483	22
15887.031	12680	16586	1658.6	2987.834	543	31838	22
18166.43	15336	18980	1898	3593.934	529	31214	22
16352.624	11514	19911	1991.1	2734.729	520	27029	22
16684.971	11716	19104	1910.4	3015.636	541	28570	22
16750.148	15895	19328	1932.8	3424.479	476	21230	22
16189.632	13377	18796	1879.6	3246.185	503	23773	22
18638.858	12064	19230	1923	3723.155	596	34200	22
15443.62	11022	18953	1895.3	3178.938	515	38132	22
16994.684	5895	27109	313.697	2611.436	593	41654	22
14179.794	8214	24573	476.592	3684.718	537	40398	22
30725.684	8442	29403	522.782	4800.211	425	770	22
3367.145	8726	33290	554.347	2812.798	80	686	22
6350.181	34387	26740	4315.64	2034.541	104	327	22
12857.078	14357	31261	2917.991	9939.087	282	449	22
15034.214	10768	37222	3005.139	12029.074	313	488	22
20026.901	12392	43309	3384.481	16642.421	360	530	22
17600.222	9156	47803	2984.948	14615.274	309	473	22
17237.626	35814	51067	2132.247	15105.378	198	476	22
12279.985	62627	52564	1513.104	10766.881	107	110	22
6311.288	2100	49821	652.339	5658.949	122	398	22
3806	2460	6084	608.4	822.855	445	422889	23
3908.4	2317	6113	611.3	963.382	464	300646	23
4237.6	2438	6245	624.5	867.115	488	282507	23
4352.1	2347	6299	629.9	931.364	503	395645	23
5079.5	3302	6504	650.4	1268.784	518	461773	23
5497	2574	5945	594.5	1332.801	645	499727	23
4470.7	2383	5253	525.3	1128.668	585	638671	23
4214.3	2601	5121	512.1	1287.076	546	468256	23
4145	2448	5084	508.4	1231.021	550	460556	23
3167	1806	4504	450.4	858.447	502	263917	23
3369.398	2246	4401	440.1	989.089	507	306309	23
5794.698	2671	4825	482.5	1671.6	773	37628	23
3303.37	1801	4531	719.557	2583.813	522	21175	23
4536.484	6658	4224	1971.309	2565.175	417	15752	23
4635.079	6528	4777	1703.41	2931.669	410	11530	23
3325.95	5427	4260	1318.236	2007.714	343	1956	23
3828.213	3473	3852	1434.22	2393.993	523	1640	23
5278.354	3941	4413	1725.354	3553.001	632	1681	23
3156.961	3042	3732	1150.174	2006.787	466	1466	23
3371.553	4546	3532	1544.922	1826.631	417	1517	23
3276.744	4093	3560	1227.504	2049.24	428	1471	23
1783.125	1644	2755	679.383	1103.742	405	1523	23
1438.796	1445	2208	489.181	949.615	394	1318	23
825.098	1005	1939	233.458	591.64	280	1435	23
1423.767	744	2492	249.2	202.765	440	750	24
1475.424	889	2462	246.2	301.013	440	700	24
1627.309	1001	2636	263.6	304.769	447	737	24
1507.738	738	2628	262.8	269.518	448	725	24
1191.7	798	2143	214.3	243.603	405	689	24
1953.005	1464	2220	222	531.031	530	659	24
1685.138	852	2763	276.3	286.388	466	709	24
1476.257	843	2783	278.3	224.947	407	708	24
1784.881	1291	2382	238.2	772.353	486	752	24
1853.145	1270	2305	230.5	237.822	518	748	24
1909.354	1408	2206	220.6	615.677	528	715	24
2035.448	1485	2097	209.7	523.721	568	865	24
1609.039	1171	2280	357.72	1251.318	466	776	24
1590.69	1772	2251	490.396	1100.294	395	764	24
1494.502	1589	2371	411.804	1082.698	377	631	24
1280.379	1482	2282	410.027	870.351	340	577	24
1554.067	2114	2201	621.731	932.336	360	712	24
1928.269	2185	2464	662.133	1266.136	415	767	24
1712.023	2897	2693	626.809	1085.214	306	717	24
1295.934	5603	2758	306.343	989.59	155	757	24
1390.199	3206	2974	539.836	850.363	225	727	24
1045.714	829	1916	289.616	756.098	381	801	24
1579.055	376	1204	53.37	1525.685	999	819	24
1667.689	540	1192	164.948	1502.742	963	855	24
14004.46	10553	6977	697.7	8555.966	799	23898	25
15229.031	11139	6017	601.7	10251.094	888	14023	25
17751.299	11508	6829	682.9	11893.151	968	2034	25
15539.672	9982	7031	703.1	10320.339	913	1882	25
17288.284	13418	6429	642.9	12094.387	871	1683	25
18750.219	13274	8818	881.8	12682.344	849	1876	25
15042.45	11580	4956	495.6	11905.134	910	1989	25
15414.293	11330	5638	563.8	11082.795	908	2080	25
16532.13	12054	5205	520.5	12589.653	958	2215	25
19198.059	12498	5659	565.9	14288.515	1057	2399	25
18215.554	12553	6058	605.8	12450.411	979	2360	25
19124.295	12342	5898	589.8	13639.325	1048	2390	25
20365.716	11988	6404	13930.131	6435.585	1107	2328	25
18183.59	17529	6398	12372.033	5811.557	760	1939	25
27469.104	15360	7487	19997.872	7471.232	1202	2306	25
18855.07	10913	7055	12530.043	6325.026	1049	2075	25
24502.901	16262	6904	18129.484	6373.417	1058	2138	25
25050.093	16451	9505	16832.655	8217.438	965	1999	25
22528.91	12870	8166	15263.131	7265.778	1071	2253	25
19838.937	12554	7361	13563.572	6275.365	996	2023	25
16893.98	12059	6715	11485.869	5408.11	900	1896	25
14619.39	8621	5630	10294.006	4325.385	1026	2251	25
5961.308	5011	2768	4120.194	1841.115	766	1854	25
5126.323	4108	1564	4020.159	1106.164	904	1904	25
7568.346	8421	4841	484.1	5398.691	571	776	26
15357.678	29671	6905	690.5	11750.158	420	576	26
18101.995	10179	26866	2686.6	8141.194	489	525	26
10103.421	7677	20391	2039.1	4244.906	360	505	26
14436.756	9751	7695	769.5	7650.277	828	1135	26
14947.001	13493	7494	749.4	10916.198	712	1622	26
7759.755	10958	4608	460.8	4568.252	499	1169	26
7622.14	13869	5170	517	5797.242	400	1465	26
9825.073	8355	6065	606.5	6005.464	681	1334	26
9819.038	12475	4157	415.7	5932.443	590	1637	26
8276.148	11273	4093	409.3	5903.046	539	1898	26
13515.438	6563	3719	371.9	8116.363	1314	1865	26
11621.116	6382	3165	7695.277	3925.839	1217	1755	26
12574.9	13391	2994	8851.072	3723.828	767	1782	26
12896.217	8490	3663	8583.01	4313.207	1061	1784	26
12828.595	7361	3690	8133.115	4695.48	1161	1773	26
16386.707	9385	3817	11814.337	4572.37	1241	1766	26
13773.966	10064	5208	8543.899	5230.067	902	1763	26
11488.811	7442	4887	7199.11	4289.701	932	1757	26
11045.567	6565	3973	6535.162	4510.405	1048	1764	26
9855.406	10562	3649	6129.048	3726.358	694	1765	26
8244.273	4277	2676	5005.089	3239.184	1186	1749	26
3869.078	2676	1303	2578.597	1290.481	972	1644	26
3358.076	1970	643	2654.239	703.837	1285	1714	26
1260.291	697	1572	157.2	262.702	552	6001	27
1249.14	746	1533	153.3	220.537	548	6215	27
1272.768	799	1531	153.1	289.006	546	6561	27
1061.436	741	1435	143.5	233.047	488	5178	27
899.716	799	1379	137.9	196.154	413	5694	27
1313.707	584	1454	145.4	216.815	645	6684	27
1284.331	697	1395	139.5	342.653	614	6620	27
1291.821	556	1421	142.1	244.196	653	5889	27
1297.382	493	1194	119.4	349.679	769	7587	27
1310.61	827	1176	117.6	433.117	654	7992	27
704.916	502	1285	128.5	181.214	394	4028	27
1236.955	638	1288	128.8	268.167	642	5807	27
1690.934	502	1412	337.307	1353.627	883	7865	27
2094.061	663	1544	426.208	1667.853	949	7322	27
2177.171	541	1698	257.131	1920.04	972	7138	27
1770.562	517	1682	212.245	1558.317	805	7054	27
1509.257	620	1660	266.699	1242.558	662	6422	27
1665.88	608	1686	261.017	1404.863	726	5866	27
1577.316	757	1638	354.217	1223.099	659	5715	27
1467.719	545	1506	189.893	1277.826	716	5991	27
1082.346	456	1208	210.016	872.33	650	5385	27
758.251	366	899	196.511	561.74	599	3186	27
534.754	294	561	148.221	386.533	625	2800	27
80.016	69	91	17.997	62.019	500	6668	27
8008.576	2082	6775	677.5	825.425	904	29552	28
8351.243	2099	7139	713.9	879.967	904	31278	28
7506.435	2017	7104	710.4	759.985	823	27699	28
9690.726	2666	7377	737.7	1166.109	965	35497	28
8371.34	3121	7630	763	1061.209	779	30113	28
8969.804	2872	7913	791.3	1307.387	832	31254	28
9093.791	2626	8142	814.2	1233.059	845	32020	28
9723.545	3109	8353	835.3	1186.765	848	18735	28
8872.902	2385	8286	828.6	1018.315	831	9510	28
9036.95	2407	7925	792.5	994.193	875	8939	28
8965.15	2632	7521	752.1	1256.861	883	7166	28
9639.8	3132	7598	759.8	1375.603	898	6090	28
11326.3	3369	8733	1303.9	10022.4	936	6521	28
11360.7	3508	9333	1170.981	10189.719	885	6699	28
10979.7	3278	10212	874.209	10105.491	814	6217	28
10744.8	2120	9552	920.46	9824.34	921	6415	28
6953.4	3475	7513	1134.355	5819.045	633	6327	28
8735.6	4603	7102	1714.643	7020.957	746	6339	28
8323.8	3162	6897	1549.827	6773.973	827	5946	28
8994.8	2922	6442	1147.542	7847.258	961	6078	28
8994.918	3328	6366	1405.844	7589.074	928	3940	28
8859.081	4385	6855	1472.274	7386.807	788	2581	28
9144.359	3028	7292	851.672	8292.687	886	2053	28
10891.299	2816	7453	1167.767	9723.533	1061	2508	28
2085.774	6530	2389	238.9	1090.84	234	20449	29
2109.631	4264	2206	220.6	1177.041	326	16228	29
1829.872	2895	2280	228	852.733	354	12796	29
1439.74	2537	1821	182.1	575.52	330	8227	29
1684.96	3987	1798	179.8	958.417	284	11866	29
2009.441	5633	2288	228.8	1029.826	254	8919	29
1338.416	3329	1585	158.5	961.718	272	6111	29
1612.184	4547	1654	165.4	1008.047	260	5989	29
3434.123	4329	2366	236.6	1944.984	513	9701	29
2899.044	3864	2803	280.3	1248.738	435	8283	29
3972.843	4326	3064	306.4	2024.854	538	10944	29
2772.349	5278	2920	292	1477.953	338	6014	29
2817.987	4482	2940	1578.504	1230.983	379	6419	29
2866.322	3507	2558	1430.348	1435.974	473	6384	29
2409.621	5357	1932	1286.335	1123.286	331	6512	29
1540.845	3503	1550	838.235	702.609	305	2946	29
998.422	2722	1109	644.365	354.057	261	2521	29
3510.552	15343	2284	2442.767	1067.785	199	4869	29
3127.688	7847	5317	1370.954	1756.734	238	4137	29
3010.512	6242	3974	1865.446	1145.066	295	3139	29
4235.733	11660	3007	2880.243	1355.49	289	3933	29
1503.574	1800	1934	688.961	814.613	403	893	29
276.766	517	552	120.793	155.974	259	236	29
98.9	177	242	37.449	61.452	236	137	29
3135.151	4057	3049	304.9	977.153	441	38706	30
3314.669	5045	2778	277.8	1165.418	424	38543	30
3136.907	3268	3324	332.4	841.275	476	26361	30
3453.939	4919	3116	311.6	1210.125	430	29521	30
3963.611	9150	3723	372.3	2138.413	308	46631	30
3691.189	6257	4026	402.6	2001.853	359	5116	30
3660.408	6807	4237	423.7	2002.16	331	4723	30
3609.209	5846	5646	564.6	1685.952	314	3914	30
2932.108	5792	5767	576.7	1367.21	254	3848	30
2974.277	4446	6824	682.4	1189.755	264	3427	30
2953.308	4354	7427	742.7	1093.937	251	2968	30
3731.107	5944	8103	810.3	1553.007	266	3665	30
4228.27	6723	8904	1826.682	2401.588	271	4093	30
3957.908	6793	9294	1516.165	2441.744	246	398	30
4019.649	5561	10461	1534.03	2485.619	251	1147	30
3827.022	6873	10939	1658.642	2168.379	215	4286	30
3244.206	7804	8553	1629.067	1615.138	198	4355	30
3086.041	5323	7369	1368.293	1717.749	243	4390	30
2501.574	8894	6322	1138.622	1362.953	164	5043	30
3502.955	9467	9064	1759.51	1743.445	189	3715	30
3873.976	10675	10678	2044.328	1829.648	181	3729	30
2066.667	5381	6829	903.458	1163.208	169	1170	30
573.401	301	392	276.59	296.811	827	390	30
355.443	271	161	54.521	300.922	823	400	30
554.449	733	1052	105.2	105.329	311	467	31
640.263	891	1086	108.6	170.883	324	532	31
555.122	489	1016	101.6	123.908	369	462	31
649.639	558	937	93.7	137.75	435	438	31
677.248	817	1028	102.8	180.289	367	449	31
950.158	794	1252	125.2	234.613	464	444	31
705.315	576	1274	127.4	102.569	381	432	31
790.815	733	1250	125	179.605	399	433	31
505.859	682	1079	107.9	84.279	287	426	31
685.563	463	956	95.6	149.53	483	465	31
827.574	641	917	91.7	163.472	531	463	31
844.385	555	920	92	186.586	572	476	31
701.607	793	859	226.061	476.465	425	461	31
735.332	443	753	283.16	452.172	615	425	31
454.958	278	650	62.618	392.34	490	448	31
287.5	153	439	105.719	181.781	486	395	31
66.267	103	237	16.975	49.291	195	643	31
115.514	172	259	28.948	86.567	268	550	31
105.627	170	270	30.782	74.845	240	574	31
103.341	161	291	27.388	75.953	229	556	31
80.68	112	234	15.583	65.097	233	541	31
62.414	119	208	15.026	47.388	191	403	31
65.016	126	194	20.233	44.783	203	570	31
20.876	50	92	5.743	15.133	147	193	31
4284.5	4315	3383	338.3	1495.229	557	32706	32
4773.9	5373	3072	307.2	2151.837	565	25126	32
4816.39	4846	3277	327.7	2008.917	593	31480	32
5541.255	4691	2960	296	2271.717	724	27297	32
4582.18	5246	3494	349.4	1699.978	524	25599	32
6203.97	7166	3781	378.1	2974.72	567	27152	32
6203.75	7403	3726	372.6	2701.587	557	31175	32
6568.71	9006	4337	433.7	2979.851	492	36496	32
7788.322	10086	4659	465.9	3401.036	528	27232	32
7648.338	7744	4432	443.2	2710.684	628	18081	32
8361.696	9653	4484	448.4	3383.436	591	36836	32
9808.348	10488	5575	557.5	4162.777	611	44583	32
6510.062	7761	4911	2222.017	4288.045	514	4588	32
8978.369	10502	6331	3644.091	5334.278	533	1397	32
8926.843	10457	6720	3161.662	5765.181	520	6182	32
6426.6	8050	6707	2329.423	4097.177	435	8135	32
6578.1	8250	5852	2697.47	3880.63	466	7544	32
10842.56	12644	7535	4687.197	6155.363	537	7885	32
7052.395	9528	6691	3102.747	3949.648	435	8032	32
6317.67	8976	5244	3088.282	3229.387	444	1068	32
4338.15	9185	4654	2217.336	2120.814	313	758	32
2376.428	5684	3405	1315.653	1060.775	261	2403	32
4458.019	10151	3765	2710.115	1747.904	320	179	32
6267.18	8307	6682	2678.858	3588.322	418	216	32
3721.11	1137	1238	123.8	187.845	1567	232569	33
3530.274	1510	1190	119	277.936	1308	5490	33
3920.964	1140	1265	126.5	138.922	1630	8656	33
3264.903	1485	1301	130.1	227.161	1172	4066	33
2458.093	1894	1417	141.7	270.093	742	3674	33
2928.647	1843	1590	159	389.848	853	9828	33
2928.445	1531	1585	158.5	194.656	940	13684	33
3077.63	2279	1511	151.1	344.147	812	2693	33
3044.326	2027	1657	165.7	287.378	826	3198	33
1967.267	1809	1592	159.2	274.133	578	1865	33
1969.848	2317	1688	168.8	303.632	492	2198	33
2026.558	2137	1784	178.4	315.051	517	1612	33
1775.46	1641	1891	277.74	1497.719	503	1310	33
2178.23	1067	1817	284.193	1894.038	755	1066	33
2048.689	626	1863	199.231	1849.458	823	975	33
2646.266	823	1774	420.853	2225.413	1019	1248	33
1104.907	550	1234	179.428	925.479	619	1426	33
1907.592	1025	1496	444.674	1462.918	757	1142	33
1198.652	1134	1544	247.287	951.365	448	1577	33
1398.182	891	1458	273.617	1124.565	595	1500	33
1533.757	745	1410	335.125	1198.632	712	1594	33
1139.045	391	1265	174.43	964.615	688	1905	33
1110.575	303	962	156.975	953.6	878	3111	33
1185.696	439	948	173.146	1012.55	855	2334	33
1225.868	808	1240	124	155.568	599	511	34
1655.258	3578	962	96.2	320.369	365	571	34
1768.108	1288	1446	144.6	183.415	647	546	34
1787.081	1699	1255	125.5	218.584	605	573	34
1678.294	2545	1268	126.8	205.641	440	559	34
3197.391	1343	1428	142.8	487.112	1154	752	34
2441.68	950	1402	140.2	369.714	1038	709	34
2165.975	1101	1428	142.8	240.301	856	730	34
2100.036	4156	1470	147	294.066	373	620	34
1778.449	3318	1488	148.8	248.569	370	482	34
1771.765	1122	1271	127.1	225.267	740	530	34
2263.202	2354	1331	133.1	236.343	614	548	34
2076.265	2723	1463	278.526	1797.762	496	512	34
2044.49	1439	1466	223.594	1820.895	704	455	34
2132.392	3528	1617	549.276	1583.117	414	416	34
2205.993	5000	2055	1057.665	1148.328	313	482	34
2253.747	2303	1999	582.738	1671.008	524	583	34
2761.257	1533	1726	753.267	2007.99	847	690	34
1569.38	2703	1541	646.511	922.869	370	578	34
2137.709	4146	1679	886.41	1251.3	367	597	34
1804.43	2424	1753	595.332	1209.098	432	516	34
1240.387	1944	1318	437.961	802.427	380	440	34
542.838	342	551	75.362	467.477	608	246	34
105.874	120	207	29.587	76.288	324	87	34
1792.768	2507	3332	333.2	405.675	307	1358	35
1930.388	3197	2936	293.6	538.465	315	1371	35
1999.021	3129	2956	295.6	619.293	329	1532	35
2119.339	4080	3149	314.9	796.115	293	1670	35
1585.101	3780	2443	244.3	676.644	255	1359	35
2109.248	5339	3316	331.6	946.979	244	1269	35
1869.565	4750	3724	372.4	711.077	221	1316	35
2059.262	6193	3980	398	815.129	202	1132	35
1750.875	4595	3051	305.1	621.94	229	1005	35
2251.712	5475	3286	328.6	408.29	257	128	35
2317.134	4909	4320	432	82.01	251	246	35
2292.782	4488	4969	496.9	76.218	242	676	35
1555.252	20843	0	2870.118	0	138	11435	35
3661.246	24317	0	3661.246	0	151	12802	35
4457.618	30983	0	4457.618	0	144	5377	35
4668.143	30875	0	4668.143	0	151	4446	35
2687.386	21825	0	2687.386	0	123	4023	35
3404.691	37336	0	3404.691	0	91	450	35
1640.574	16743	0	1640.574	0	98	1440	35
2067.999	19977	0	2067.999	0	104	1112	35
1568.279	19357	0	1568.279	0	81	915	35
1903.704	14882	0	1903.704	0	128	1146	35
1481.821	10425	0	1481.821	0	142	847	35
1269.329	8166	0	1269.329	0	155	832	35
827.5	949	2040	204	129.405	277	118214	36
1098	898	1830	183	172.595	402	137250	36
874.7	278	1298	129.8	49.657	915	4012	36
729	449	382	38.2	47.004	877	4005	36
821.2	598	309	30.9	92.662	905	3767	36
792.5	438	405	40.5	82.691	940	3852	36
772.5	482	382	38.2	82.207	894	3359	36
806.5	422	414	41.4	58.237	965	3663	36
704	391	333	33.3	55.44	972	3933	36
830.5	471	334	33.4	76.373	1032	3810	36
838.9	404	344	34.4	59.75	1122	3938	36
627.002	391	315	31.5	55.225	888	3800	36
905.9	515	339	794.027	111.873	1061	3871	36
864.4	462	421	744.622	119.778	979	3808	36
824.5	397	407	731.406	93.094	1025	3871	36
871.6	1221	664	345.354	526.246	462	3572	36
1005.7	504	1347	-27.857	1033.557	543	3684	36
1009.15	546	1488	-36.885	1046.035	496	3823	36
937	434	1449	34.612	902.388	498	3176	36
1377	562	1559	-28.163	1405.163	649	1981	36
838	272	1416	-27.721	865.721	496	1963	36
529	309	1064	-4.41	533.41	385	1967	36
677	351	930	24.471	652.529	528	1985	36
656	310	937	-30.753	686.753	526	1994	36
21772.901	34350	211115	21111.5	3028.071	89	126	37
26114.745	42726	216833	21683.3	5402.011	101	135	37
37753.858	47278	217676	21767.6	8308.936	142	169	37
23752.438	15388	64508	6450.8	2378.182	297	104	37
19213.231	44335	40937	4093.7	5260.226	225	82	37
31539.649	66572	48994	4899.4	6368.244	273	119	37
32608.924	46650	47352	4735.2	5305.143	347	115	37
46548.664	212026	87877	8787.7	21546.815	155	151	37
57763.592	120031	280507	28050.7	19943.951	144	167	37
70699.993	85929	348197	34819.7	19712.723	163	180	37
77811.268	91750	378474	37847.4	21654.606	165	179	37
81807.259	209246	410527	41052.7	37535.792	132	174	37
67992.992	176345	512042	31701.875	36291.117	99	139	37
80564.943	153038	594825	29120.427	51444.516	108	147	37
83564.591	95973	647684	21450.581	62114.01	112	146	37
62052.006	64277	650110	15444.615	46607.391	87	108	37
42472.232	47990	614707	8440.515	34065.572	64	75	37
52278.035	74312	607386	15142.172	37135.863	77	86	37
53747.333	52761	612029	13479.3	40268.033	81	85	37
68176.883	50809	603336	14974.157	53202.726	104	99	37
78715.755	53758	611083	11456.854	67258.901	118	106	37
83962.435	45272	618437	9519.847	74442.588	127	113	37
46399.393	23655	576547	4206.949	42192.444	77	66	37
45042.574	41790	568398	6764.483	38278.091	74	63	37
819.15	353	657	65.7	157.055	811	81915	38
1295.512	824	634	63.4	516.868	889	129551	38
1631.651	624	796	79.6	307.39	1149	116547	38
1339.697	798	838	83.8	249.247	819	121791	38
1298.772	895	717	71.7	353.196	806	144308	38
2146.969	759	995	99.5	673.751	1224	185869	38
1252.399	722	907	90.7	261.63	769	208733	38
1366.598	863	979	97.9	376.404	742	191675	38
1545.425	541	1028	102.8	419.567	985	257571	38
1818.174	662	1074	107.4	311.48	1047	259739	38
1409.477	505	1159	115.9	240.029	847	17618	38
1366.708	528	1056	105.6	315.096	863	16873	38
1048.717	491	1019	254.125	794.592	695	13445	38
1510.844	721	1084	441.366	1069.478	837	20145	38
1187.546	413	1107	278.889	908.657	781	16726	38
1386.972	478	967	305.375	1081.597	960	11558	38
1213.109	529	958	277.271	935.838	816	7352	38
1135.139	355	877	180.876	954.264	921	3558	38
1514.983	546	887	422.489	1092.494	1057	5570	38
1033.844	414	878	241.518	792.327	800	2450	38
941.154	463	791	315.263	625.891	751	1894	38
828.241	432	799	189.296	638.945	673	1451	38
745.534	333	663	211.197	534.337	749	1324	38
712.354	365	639	188.733	523.622	710	1442	38
1169.03	2210	8523	852.3	86.16	109	2279	39
1595.492	3023	6096	609.6	205.524	175	2594	39
1330.489	1096	4936	493.6	127.352	221	1998	39
1655.84	1379	4295	429.5	227.737	292	3576	39
1155.963	7532	3781	378.1	319.578	102	3919	39
2639.369	31841	5612	561.2	968.785	70	740	39
2809.495	30564	7633	763.3	935.504	74	806	39
3508.643	15824	9507	950.7	756.158	139	1004	39
3106.817	8953	8754	875.4	619.948	175	931	39
4134.091	6114	7658	765.8	1172.815	300	852	39
4731.321	6547	9514	951.4	1393.522	295	223	39
6127.172	9923	11169	1116.9	1886.39	290	114	39
4892.9	8684	13379	1716.533	4905.68	300	107	39
8906.176	10667	16586	2667.806	6238.37	327	164	39
7592.797	9733	17991	2442.935	5149.863	274	215	39
7314.444	8261	19520	1924.859	5389.584	263	192	39
7711.877	8353	19525	2225.303	5486.573	277	136	39
13227.4	13675	23102	4449.535	8777.865	360	82	39
12512.692	14762	27539	4205.866	8306.826	296	76	39
16424.193	30765	32987	6165.055	10259.137	258	72	39
11918.305	13444	37508	3743.466	8174.839	234	77	39
4584.464	3614	30991	702.174	3882.29	132	71	39
5090.783	2954	23142	256.167	4834.616	195	100	39
2759.779	1375	17062	154.167	2605.612	150	90	39
623.474	644	1902	190.2	115.328	245	2211	40
782.076	607	1996	199.6	140.108	300	1926	40
804.381	606	2037	203.7	213.92	304	1648	40
1188.325	514	2160	216	142.066	444	1961	40
821.5	1030	1282	128.2	262.443	355	1571	40
1268.523	611	2483	248.3	167.379	410	1772	40
1528.672	112	3111	311.1	13.629	474	1851	40
1309.678	506	2616	261.6	128.974	419	1093	40
1339.12	831	2591	259.1	182.801	391	1141	40
1371.618	581	2655	265.5	213.563	424	1027	40
1205.92	524	2563	256.3	116.975	391	965	40
1287.149	633	2451	245.1	152.222	417	1175	40
1215.457	710	2553	172.032	1043.425	372	1120	40
1197.948	595	2544	128.796	1069.151	382	1360	40
1204.231	633	2565	135.558	1068.673	377	1538	40
1200.951	596	2540	128.323	1072.628	383	1168	40
906.775	546	2272	121.664	785.111	322	1211	40
1359.707	840	2513	184.254	1175.453	406	1372	40
821.834	405	2416	107.94	713.895	291	2786	40
733.835	512	2178	96.942	636.893	273	2383	40
879.797	737	2186	164.83	714.967	301	2741	40
684.009	489	2175	76.217	607.792	257	1153	40
544.216	426	1772	94.425	449.79	248	1155	40
823.269	561	1650	122.054	701.215	372	1290	40
4571.921	6741	8952	895.2	1096.039	291	9446	41
4627.665	5760	10481	1048.1	1202.671	285	18148	41
4662.415	6589	10995	1099.5	1310.772	265	11569	41
6499.15	8996	11546	1154.6	2440.115	316	21449	41
7841.706	10470	11995	1199.5	4119.126	349	43324	41
8034.519	10941	13358	1335.8	4506.911	331	20018	41
6569.6	15566	12197	1219.7	3215.825	237	22811	41
8622.02	11219	13101	1310.1	4421.141	355	26535	41
6940.272	7538	14232	1423.2	2736.218	319	19279	41
6589.62	7405	12866	1286.6	2434.606	325	18667	41
7390.784	10262	11021	1102.1	4401.7	347	15658	41
7577.758	8781	11327	1132.7	3773.456	377	13879	41
6979.294	8684	12077	3597.47	3505.682	342	12684	41
7065.407	11685	11616	4057.236	3008.17	303	9471	41
6568.738	10126	12201	3171.006	3397.733	294	9239	41
7472.072	10483	11901	3775.494	3696.578	334	7290	41
7505.117	8833	12136	3222.131	4282.986	358	9524	41
7274.722	8318	13046	3035.802	4238.92	341	11771	41
5567.66	9935	11865	3039.11	2528.55	255	14424	41
7321.217	11983	12697	3809.104	3512.113	297	11714	41
6155.75	12381	12123	3030.903	3124.847	251	6979	41
4256.308	9933	11366	1968.516	2287.792	200	8313	41
3385.319	7444	9719	1389.317	1996.002	197	8980	41
5015.03	7264	9767	2246.055	2768.975	294	9682	41
1642.355	1115	2450	245	243.562	461	704	42
1849.151	1381	2622	262.2	299.252	462	674	42
2324.46	1089	3018	301.8	668.654	566	670	42
2185.099	1567	2947	294.7	357.144	484	672	42
2180.265	2076	2896	289.6	440.173	439	671	42
2440.148	1845	3556	355.6	473.675	452	691	42
2449.522	1056	3165	316.5	399.911	580	731	42
3243.217	0	6240	624	0	520	834	42
3765.537	2963	4958	495.8	1062.853	475	893	42
2980.24	2513	5466	546.6	794.456	374	829	42
3852.033	3030	6065	606.5	1012.633	424	911	42
5484.999	3612	7000	700	1513.723	517	1084	42
5279.943	4179	7790	1430.563	3849.381	441	1020	42
5961.527	5214	8185	1935.064	4026.463	445	1096	42
5912.697	4717	8875	1470.955	4441.742	435	948	42
7139.757	6931	8816	2057.966	5081.791	453	922	42
6254.483	6832	8437	2208.974	4045.51	410	945	42
6414.279	5678	8939	1705.646	4708.633	439	910	42
6292.949	4146	8251	1272.836	5020.113	508	914	42
6807.361	2286	8353	869.313	5938.048	640	860	42
6623.326	1788	7704	717.769	5905.556	698	859	42
4857.763	1214	5908	427.935	4429.829	682	1036	42
3800.987	730	3900	453.652	3347.335	821	1285	42
4280.751	1690	3269	1840.097	2440.654	863	1293	42
29871.991	2185	8694	869.4	1359.452	2746	10942	43
30772.92	2472	9267	926.7	1371.165	2621	9794	43
24240.314	4857	10077	1007.7	1695.028	1623	7057	43
27956.255	5921	11015	1101.5	2005.11	1651	7871	43
13249.555	3336	9115	911.5	650.518	1064	2767	43
23851.348	7874	8781	878.1	1954.301	1432	5836	43
25350.007	8289	10869	1086.9	2358.201	1323	6482	43
38954.843	7996	13005	1300.5	5161.771	1855	8109	43
38854.201	9537	15713	1571.3	3369.002	1539	7150	43
48314.36	8722	17461	1746.1	3477.821	1845	7943	43
56431.549	9520	19049	1904.9	6246.707	1975	8450	43
65214.463	9572	21907	2190.7	7976.668	2072	9394	43
66295.145	7770	24278	3940.146	62355.95	2069	9271	43
74045.54	9146	25196	5690.521	68355.019	2156	9238	43
48782.329	6576	25545	3314.655	45467.674	1519	5844	43
35473.777	10426	25721	3739.182	31734.595	981	4073	43
33118.188	6623	25953	2553.115	30565.073	1017	4949	43
28712.445	7839	26150	2824.083	25888.362	845	4238	43
28192.001	10963	27115	3571.056	24620.944	740	3467	43
30320.423	7160	28488	2355.921	27964.502	851	3543	43
27490.934	4449	27189	1455.443	26035.491	869	4109	43
26076.473	5413	25687	3351.333	22725.14	838	2836	43
4251.665	593	6818	321.346	3930.32	574	399	43
2189.309	1813	4402	375.662	1813.647	352	277	43
2302.73	2585	943	94.3	765.265	653	575682	44
2529.43	2363	766	76.6	874.299	808	1264715	44
1925.145	2418	725	72.5	800.164	613	481286	44
2487.599	2629	671	67.1	910.006	754	621900	44
4396.552	3486	564	56.4	1329.256	1086	1099138	44
5067.948	3723	708	70.8	1913.307	1144	723993	44
4272.48	4019	710	71	1325.177	903	1068120	44
3358.708	4351	634	63.4	957.118	674	1119569	44
2485.831	1391	483	48.3	561.967	1326	1242915	44
2346.943	1597	504	50.4	888.878	1117	1173471	44
3242.189	2025	652	65.2	1366.391	1211	1621094	44
3140.226	2170	885	88.5	1185.74	1028	1570113	44
2306.198	2472	2212	1087.146	1219.052	492	9609	44
1232.296	1318	1406	588.802	643.494	452	2788	44
2007.315	2710	1465	1217.501	789.815	481	4122	44
1576.154	1971	1812	737.775	838.379	417	3066	44
1976.865	2839	1827	1020.161	956.704	424	13922	44
2456.225	2800	2414	1049.655	1406.57	471	5904	44
1952.077	2476	2432	898.378	1053.7	398	2958	44
2042.371	1958	2346	794.502	1247.869	475	918	44
2596.51	4489	1340	2005.504	591.006	445	2302	44
1330.556	1800	1654	684.706	645.85	385	5409	44
963.027	660	906	692.991	270.036	615	4767	44
1309.317	0	9	1275.527	33.79	145480	2929	44
2051.441	1222	782	78.2	915.249	1024	805	45
2857.099	5295	952	95.2	1321.889	457	390	45
2725.569	2837	4086	408.6	522.486	394	291	45
2754.139	1921	1816	181.6	371.847	737	384	45
2999.356	1360	1553	155.3	352.811	1030	273	45
3899.877	4734	1614	161.4	699.504	614	192	45
4313.924	1901	1707	170.7	848.659	1196	335	45
7155.546	4990	1795	179.5	903.773	1055	179	45
7178.538	2055	5750	575	1220.135	920	72	45
6878.637	1418	2230	223	763.814	1886	92	45
7018.95	4419	2188	218.8	3646.166	1062	111	45
6245.78	4009	3200	320	1425.791	866	164	45
6416.214	2791	7784	911.293	4378.467	500	1623	45
7326.937	5553	8522	712.985	6613.952	521	1508	45
5516.64	4175	10957	1140.382	4376.257	365	975	45
6707.659	2522	8385	737.632	5970.027	615	644	45
3048.024	1435	6697	385.917	2662.107	375	610	45
2929.69	1411	6367	438.01	2491.681	377	615	45
2891.756	3856	4786	1248.439	1643.317	335	457	45
2077.308	3681	3117	1232.797	844.511	306	485	45
1680.409	3857	5415	695.845	984.564	181	349	45
1192.471	365	7677	151.372	1041.099	148	486	45
617.638	409	5196	20.026	610.068	112	988	45
334.105	182	3293	26.67	398.487	122	345	45
1319.157	289	1590	159	69.855	702	1197	46
1321.348	305	1607	160.7	96.651	691	1201	46
1276.634	291	1604	160.4	105.699	674	1182	46
1258.623	283	1634	163.4	54.019	657	1279	46
1414.555	640	1704	170.4	119.398	603	1332	46
1496.024	413	1860	186	120.254	658	1060	46
1060.994	319	1890	189	69.861	480	1055	46
900.449	353	1857	185.7	86.771	407	991	46
1116.442	654	1924	192.4	114.99	433	1118	46
1328.514	639	1935	193.5	178.622	516	1223	46
1377.104	579	2060	206	200.005	522	1340	46
1441.725	462	2148	214.8	173.46	552	1355	46
1334.764	446	2196	106.276	1228.488	505	1337	46
1327.958	492	2090	172.965	1154.993	514	1344	46
1261.073	638	2089	166.318	1094.754	462	1283	46
1224.672	697	2063	170.501	1054.171	444	1272	46
1484.684	1332	1929	337.096	1147.588	455	1428	46
1567.427	1396	2165	271.587	1295.84	440	1387	46
1184.12	569	2105	162.131	1021.989	443	1460	46
1227.397	2654	1933	399.073	828.324	268	1484	46
1055.484	1171	2068	247.669	807.815	326	1436	46
447.292	236	1127	56.232	391.06	328	1471	46
112.993	198	382	36.82	76.173	195	1712	46
133.061	263	374	33.467	99.594	209	1305	46
1738.356	2110	3948	394.8	423.634	287	2473	47
1562.7	0	5342	534.2	0	293	2155	47
1402.873	0	5181	518.1	0	271	2152	47
1672.559	0	5565	556.5	0	301	1624	47
1858.176	2485	0	0	585.309	300	1866	47
2224.85	0	6487	648.7	0	343	1909	47
1759.928	0	6254	625.4	0	281	1826	47
1386.953	0	4586	458.6	0	302	1741	47
2268.439	2810	3127	312.7	826.93	382	1931	47
1874.017	2149	3849	384.9	480.867	312	1681	47
2151.169	2099	4194	419.4	525.47	342	1465	47
1825.002	1906	4494	449.4	451.892	285	1467	47
1461.906	1613	4585	376.552	1148.568	246	951	47
2090.501	2877	4857	606.3	1484.201	270	920	47
2403.895	2658	6484	626.767	1777.129	263	916	47
2512.261	2162	7458	483.782	2028.479	261	867	47
2664.168	2522	8013	386.075	2278.093	253	944	47
1741.856	1797	9167	267.8	1474.056	159	647	47
1916.079	2306	9937	332.081	1583.998	157	675	47
4063.149	5045	11322	1247.466	2815.682	248	699	47
5956.227	4811	14139	2460.953	3495.275	314	813	47
3803.427	3069	17658	846.024	2957.403	184	628	47
3957.09	2576	18144	510.702	3446.388	191	589	47
4719.699	2361	16235	598.806	4120.893	254	632	47
10624.224	6072	24033	2403.3	2183.323	351	100	48
11220.184	0	30182	3018.2	0	372	82	48
13470.636	5813	26594	2659.4	1554.392	416	83	48
16819.628	4576	28509	2850.9	1226.504	508	84	48
14338.43	4482	28334	2833.4	1020.47	437	68	48
16486.661	7977	28786	2878.6	3099.26	448	76	48
19392.284	10982	0	0	2241.506	447	81	48
19017.303	7281	34875	3487.5	1585.153	451	78	48
21208.204	5410	36136	3613.6	2005.357	510	77	48
22158.217	5289	36475	3647.5	1539.351	531	77	48
26051.6	6968	37041	3704.1	3170.886	592	80	48
17130.031	6494	36538	3653.8	2533.786	398	62	48
32087.054	22888	36864	5445.114	26641.94	537	83	48
33712.583	23233	39211	5499.913	28212.671	540	83	48
44082.885	32883	46436	5755.379	38327.506	556	103	48
41885.125	19737	61694	5357.406	36794.465	515	99	48
32308.908	12533	59554	3936.865	28372.042	448	82	48
43449.376	20462	54817	9464.027	33985.352	577	96	48
43987.473	19128	60536	6493.34	37494.134	552	98	48
51062.428	15868	66462	5377.141	45685.287	620	107	48
47839.806	11801	70280	6041.33	41798.476	583	103	48
41619.46	11031	69862	4440.393	37179.067	515	94	48
55746.749	19036	68531	22994.745	32752.004	637	129	48
55978.041	16866	66368	19959.269	36144.344	674	136	48
5168.657	1982	5101	510.1	1142.272	730	24153	49
6417.581	2136	4839	483.9	1368.344	920	24309	49
6047.687	1285	5300	530	1068.539	918	16615	49
6398.725	1294	5482	548.2	1006.146	944	12721	49
6028.487	3180	5522	552.2	1551.153	693	12203	49
7618.462	3109	6371	637.1	1577.988	804	11631	49
7323.529	2531	6729	672.9	1535.439	791	9041	49
10754.457	2902	7137	713.7	3019.498	1071	10544	49
8875.885	2355	7788	778.8	1448.335	875	7834	49
9787.94	2046	8270	827	1937.78	949	7731	49
10716.725	2972	8815	881.5	1405.101	909	7310	49
8417.164	2517	8823	882.3	1112.609	742	4600	49
4879.536	1323	4570	607.675	4271.861	828	2405	49
5677.175	3004	4049	1353.317	4323.858	805	2383	49
6277.065	2570	4595	1401.21	4875.855	876	2370	49
5084.895	1983	3702	1044.162	4040.732	894	2525	49
3889.523	2261	2751	1238.174	2651.349	776	2551	49
3819.092	2617	2939	1250.78	2568.312	687	1972	49
4589.451	3351	3140	1973.764	2615.687	707	1525	49
4224.424	2921	3790	1549.752	2674.672	629	1328	49
3537.586	2206	3556	1065.234	2472.352	614	1128	49
3174.58	2133	2841	1204.047	1970.533	638	852	49
3468.215	2365	2525	852.571	2615.643	709	1500	49
4523.131	2295	2594	1296.517	3226.614	925	1641	49
12038.685	2057	2954	295.4	1746.152	2402	12450	50
18488.984	2387	3241	324.1	3172.95	3285	19239	50
32197.341	2580	3562	356.2	6553.2	5242	16875	50
12547.596	1603	2619	261.9	2174.339	2972	12230	50
6990.877	2476	2164	216.4	2566.347	1507	6820	50
18280.024	3154	2964	296.4	6448.032	2988	9491	50
10948.675	2132	3091	309.1	2916.347	2096	10589	50
11449.688	1784	2502	250.2	3251.46	2671	8464	50
10094.622	3054	2557	255.7	3826.132	1799	7231	50
13879.378	2063	2913	291.3	6531.856	2789	13852	50
12275.583	2288	2495	249.5	3077.009	2567	9797	50
15031.58	2187	2585	258.5	4251.235	3150	9544	50
2535.719	1266	1454	1254.993	1280.726	932	4512	50
2403.945	1912	1099	1447.267	956.678	798	3915	50
2821.325	2348	1300	1515.254	1306.071	773	2710	50
872.815	889	808	422.969	449.846	514	1202	50
527.003	631	371	298.589	228.414	526	1054	50
1251.91	1309	465	810.435	441.475	706	1696	50
931.313	558	609	332.117	599.196	798	1754	50
761.936	472	453	276.099	485.837	824	1213	50
706.62	540	440	334.876	371.744	721	1067	50
855.167	708	546	367.213	487.954	682	1080	50
1066.321	755	683	556.164	510.157	742	1009	50
862.356	568	708	333.648	528.709	676	903	50
1468.5	2515	2480	248	659.874	294	8069	51
1099.55	2223	2096	209.6	514.652	255	6468	51
834.974	1743	1673	167.3	401.511	244	6844	51
1272.476	2366	1559	155.9	639.751	324	7620	51
1717.1	3161	2022	202.2	892.735	331	7155	51
1355.06	2473	2013	201.3	625.85	302	5576	51
1182.6	1978	1723	172.3	583.275	320	5351	51
1570.286	2658	1841	184.1	789.801	349	6626	51
1058.329	1669	1845	184.5	506.432	301	5541	51
1024.631	1427	1279	127.9	442.479	379	6877	51
986.872	1420	1309	130.9	426.018	362	6999	51
554.512	1159	1165	116.5	280.423	239	5332	51
752.592	1328	1412	411.945	457.187	317	6208	51
850.537	1310	1421	379.976	470.561	311	6443	51
1042.179	1316	1488	446.179	596	372	2232	51
699.389	828	1268	244.59	454.799	334	1439	51
523.735	1099	1022	262.088	261.647	247	2831	51
563.975	745	1218	222.925	341.05	287	3785	51
468.069	694	869	203.15	264.919	299	1176	51
619.643	836	1002	210.235	409.408	337	1359	51
483.649	604	953	172.776	310.873	311	916	51
421.686	734	829	169.597	252.089	270	1459	51
208.251	287	491	79.445	128.806	268	3414	51
134.197	280	321	53.75	80.447	223	2164	51
8578.005	8111	16813	1681.3	1300.242	344	146	52
10001.684	10706	16212	1621.2	1994.279	372	235	52
13904.338	16280	19982	1998.2	3049.792	383	202	52
10349.908	11657	22395	2239.5	1334.663	304	100	52
8493.526	13780	22143	2214.3	1549.956	236	64	52
14276.228	20492	28539	2853.9	2655.427	291	53	52
17679.709	12437	37576	3757.6	1374.471	354	66	52
16402.773	15457	40107	4010.7	1373.641	295	66	52
16292.622	14675	43429	4342.9	1195.935	280	63	52
17873.753	15804	47419	4741.9	1703.644	283	53	52
34806.205	29493	58659	5865.9	10045.866	395	72	52
39036.964	15338	76392	7639.2	3731.027	426	87	52
28780.525	10556	75959	1418.362	27362.162	333	107	52
34187.823	20646	74454	4187.841	29999.983	359	77	52
27426.338	18459	74440	3801.464	23624.874	295	114	52
29447.633	29976	76254	8054.515	21393.118	277	133	52
21962.369	24632	80214	4112.917	17849.452	209	123	52
28791.753	29986	91466	4903.753	23888	237	128	52
33269.448	24330	91195	4496.014	28773.434	288	107	52
32676.757	22441	97050	4493.173	28183.584	273	111	52
30153.929	19124	100684	4586.923	25567.006	252	119	52
29595.607	16992	101908	4120.545	25475.061	249	136	52
36929.295	16110	102518	3540.33	33388.965	311	124	52
37299.499	15401	100125	3396.165	33903.334	323	106	52
506.899	718	2044	204.4	67.872	184	2497	53
437.62	2128	1487	148.7	90.062	121	2279	53
481.042	941	1707	170.7	85.461	182	2021	53
522.794	659	1895	189.5	82.471	205	3605	53
116.47	371	1623	162.3	16.417	58	1595	53
418.744	922	1719	171.9	80.615	159	2156	53
550.718	0	0	0	0	119	1453	53
526.732	1322	2060	206	78.57	156	1069	53
453.28	657	2070	207	56.43	166	714	53
596.014	5732	1783	178.3	100.855	79	477	53
618.052	1443	1920	192	146.079	184	413	53
678.941	1757	2086	208.6	92.577	177	376	53
564.975	3462	2154	72.256	492.72	101	462	53
700.463	5786	2221	82.35	618.113	87	592	53
705.023	3200	2361	70.61	634.414	127	553	53
856.749	1485	2453	93.021	763.728	218	582	53
469.116	364	1988	51.328	417.788	199	665	53
442.521	841	2097	71.949	370.573	151	497	53
624.542	450	2169	63.728	560.814	238	896	53
446.482	344	2003	28.99	417.492	190	714	53
553.403	453	1930	44.85	508.553	232	557	53
399.483	301	1692	118.863	280.62	200	86	53
564.247	185	1029	146.035	418.211	465	28	53
760.845	231	800	319.96	440.885	738	24	53
10086.67	9178	27902	2790.2	1660.437	272	3342	54
12210.787	12298	26763	2676.3	2176.145	313	775	54
13141.205	11104	29953	2995.3	1855.448	320	706	54
10060.227	7975	25809	2580.9	2084.186	298	787	54
6653.064	8557	16787	1678.7	1372.35	263	586	54
7313.279	28886	145	14.5	7105.628	252	1965	54
6142.222	8748	17488	1748.8	1286.954	234	3054	54
5255.234	5383	15342	1534.2	797.226	254	3145	54
5585.02	5415	14213	1421.3	822.148	285	3807	54
6092.231	7974	12840	1284	1312.725	293	4701	54
7950.587	15172	14590	1459	2465.134	267	4641	54
8418.315	12972	17713	1771.3	2057.58	274	4990	54
5914.051	9059	14523	1253.831	4660.219	251	1046	54
6872	14345	13485	2010.835	4861.165	247	975	54
3825.75	3062	9701	2102.455	1723.295	300	1189	54
3455.42	6283	6970	1176.113	2279.307	261	790	54
2866.663	4030	6494	1408.217	1458.446	272	862	54
2904.602	3290	5719	692.734	2211.868	322	374	54
2732.482	5723	5857	1125.932	1606.55	236	919	54
3164.943	6195	7812	1060.252	2104.691	226	1164	54
3365.056	4272	9531	1176.368	2188.688	244	1720	54
2876.27	3311	7686	634.559	2241.711	262	784	54
2496.845	3284	5573	660.875	1835.97	282	300	54
2301.977	3876	4784	650.79	1651.188	266	348	54
15674.079	49731	14534	1453.4	5486.053	244	410	55
16524.279	69322	10836	1083.6	6367.106	206	312	55
15425.7	90562	12848	1284.8	6749.04	149	195	55
12620.397	65012	9454	945.4	4627.255	169	242	55
14669.973	125320	8953	895.3	8587.343	109	137	55
18199.593	91854	10139	1013.9	6159.688	178	259	55
16196.227	54609	6989	698.9	4651.409	263	419	55
16101.05	52153	9264	926.4	4279.98	262	389	55
13431.817	35760	8483	848.3	4372.448	304	426	55
10979.181	19269	14135	1413.5	1680.181	329	357	55
10472.708	16322	16990	1699	1884.446	314	321	55
8912.595	13466	19351	1935.1	1778.643	272	327	55
7493.035	9734	21972	885.29	6736.535	240	419	55
6773.001	10467	20987	839.828	5933.173	215	139	55
11621.5	9803	20358	983.188	10638.312	385	534	55
4577.09	2723	18078	338.619	4238.471	220	379	55
1981.779	3036	17367	361.819	1619.96	97	198	55
3370.818	3755	19067	689.8	2681.018	148	274	55
4667.58	4185	20387	641.169	4026.412	190	331	55
5051.926	4572	21588	899.793	4152.134	193	311	55
3917.823	5675	21987	1156.469	2761.354	142	247	55
4138.592	4075	23239	804.255	3334.337	152	221	55
2737.883	1508	21875	200.832	2537.051	117	171	55
2117.008	2051	19047	245.06	1871.948	100	166	55
255.356	226	265	26.5	77.065	520	19643	56
286	358	288	28.8	68.939	443	22000	56
207.03	1926	260	26	77.001	95	20703	56
223.82	250	255	25.5	59.466	443	18652	56
221.9	312	248	24.8	61.505	396	18492	56
257.75	1225	296	29.6	94.61	169	23432	56
284.26	1293	349	34.9	64.806	173	25842	56
308.15	1446	424	42.4	80.472	165	28014	56
278.6	441	488	48.8	74.396	300	21431	56
305.17	520	414	41.4	70.394	327	23475	56
341.449	447	433	43.3	88.617	388	28454	56
289.321	2523	411	41.1	68.005	99	24110	56
371.297	1581	455	105.364	265.933	182	28561	56
366.271	833	536	71.43	294.841	268	33297	56
368.883	760	564	69.355	299.528	279	33535	56
364.212	1267	550	85.357	278.855	200	26015	56
469.1	3199	430	216.82	252.28	129	31273	56
394.65	503	1098	120.241	274.409	247	32888	56
313.55	458	549	67.086	246.464	311	26129	56
302.7	540	498	69.364	233.336	292	23285	56
352.258	657	509	95.066	257.192	302	29355	56
282.85	436	539	72.478	210.372	290	31428	56
216.52	304	464	46.652	169.868	282	18043	56
292.48	533	427	104.611	187.869	305	20891	56
1545.438	1164	2068	206.8	340.278	478	22078	57
2219.935	1746	2178	217.8	637.537	566	9652	57
2306.28	1484	2506	250.6	591.698	578	7953	57
3106.069	2113	2780	278	895.555	635	7257	57
2556.634	1988	2730	273	752.305	542	8877	57
2217.792	2291	2763	276.3	551.407	439	7648	57
2005.197	1692	2351	235.1	500.345	496	7926	57
2770.564	1851	2529	252.9	641.574	633	7053	57
4243.003	3088	3181	318.1	1275.717	677	6305	57
4069.228	3821	4435	443.5	1009.726	493	6037	57
3764.199	3281	5160	516	832.114	446	5975	57
4309.698	3381	4725	472.5	822.429	532	6600	57
4345.3	2814	4675	1049.932	3295.368	580	6371	57
4548.273	2958	5031	1066.312	3481.961	569	5301	57
4210.827	2686	5540	798.438	3412.389	512	4337	57
3550.897	1684	4699	533.55	3017.347	556	4576	57
2436.752	2214	3832	512	1924.752	403	4983	57
4496.424	2831	4240	644.369	3852.055	636	3097	57
4202.324	2760	5041	731.978	3470.346	539	2896	57
2597.343	1935	4601	456.607	2140.736	397	2462	57
1970.993	2282	3978	437.027	1533.966	315	2951	57
2785.874	3020	4261	675.614	2110.26	383	3151	57
2136.737	1587	4340	373.989	1762.748	361	2899	57
2695.709	2302	4312	566.847	2128.862	408	3084	57
4651.766	7272	8925	892.5	1673.371	287	32304	58
5015.536	9255	7492	749.2	2018.702	299	30214	58
4983.828	10887	8553	855.3	1947.968	256	25299	58
5417.767	0	16876	1687.6	0	321	28515	58
5635.584	0	17945	1794.5	0	314	37571	58
6799.387	0	17271	1727.1	0	394	37085	58
3814.833	0	6601	660.1	0	578	18979	58
2891.67	0	3046	304.6	0	949	15976	58
3503.39	3647	1426	142.6	873.25	691	15433	58
981.459	2774	1840	184	635.763	213	5277	58
1481.662	3542	2421	242.1	808.035	248	5273	58
2258.597	4128	3409	340.9	964.054	300	9530	58
2944.333	4576	4737	938.723	2005.61	316	19499	58
3586.785	4287	5851	1023.278	2563.507	354	9616	58
2294.494	2573	4755	546.478	1748.016	313	3818	58
4375.729	7104	4501	2275.445	2100.285	377	924	58
4069.264	4894	7133	1210.405	2858.859	338	1548	58
3893.039	3770	6642	1019.79	2873.249	374	961	58
2654.511	3206	4940	881.166	1773.345	326	615	58
1327.993	2158	3422	529.515	798.478	238	369	58
1477.638	3191	2865	740.598	737.04	244	363	58
1216.932	1983	2204	651.734	565.197	291	377	58
1056.094	1834	1643	276.636	779.458	304	315	58
1399.781	4868	1784	889.463	510.318	210	181	58
2976.075	797	4699	469.9	205.442	541	22377	59
3346.55	969	4425	442.5	316.617	620	23567	59
4139.55	985	4282	428.2	304.357	786	26200	59
3265.8	527	3913	391.3	180.236	736	31103	59
3616.02	940	3835	383.5	392.037	757	37279	59
4136.9	794	4083	408.3	357.94	848	31869	59
4298.65	4916	0	0	429.865	874	26211	59
4371.25	1078	4268	426.8	467.978	818	25795	59
5175.2	1873	4630	463	583.619	796	34047	59
5443.541	1112	5366	536.6	502.235	840	10251	59
5323.968	1055	5093	509.3	535.635	866	9951	59
4858.444	1259	5044	504.4	529.965	771	11272	59
4000.967	936	4797	395.694	3605.273	698	7876	59
3598.128	1340	4647	500.211	3097.917	601	4710	59
3906.508	1140	4946	367.529	3538.979	642	3362	59
2567.835	691	4039	237.643	2330.192	543	2755	59
1858.658	1198	3276	322.627	1536.032	415	2655	59
2061.568	1057	3066	321.578	1739.99	500	1577	59
3096.848	1638	3338	560.887	2535.961	622	3366	59
697.609	488	2280	112.239	585.37	252	1092	59
791.783	1119	1777	247.757	544.026	273	1085	59
881.765	1083	1937	258.162	623.603	292	1489	59
339.1	424	1548	63.077	276.023	172	955	59
839.423	1178	1475	940.52	7779.943	316	2068	59
2787.85	9548	2081	208.1	564.441	240	367	60
2013.14	13327	2211	221.1	1372.109	130	386	60
1318	3434	2060	206	637.289	240	396	60
1421.1	2234	1767	176.7	710.064	355	404	60
1586.312	3115	1974	197.4	874.308	312	375	60
1169.176	3337	2017	201.7	476.197	218	374	60
1174.56	4034	1446	144.6	591.398	214	395	60
807.22	2872	1268	126.8	418.797	195	429	60
628.674	1147	1150	115	271.995	274	412	60
419.683	716	755	75.5	184.846	285	451	60
181.553	466	291	29.1	98.976	240	453	60
91.8	261	84	8.4	65.535	266	356	60
282.62	1559	716	320.421	279.699	264	3948	60
865.341	2769	708	539.924	325.417	249	4461	60
562.835	1368	635	324.455	238.38	281	2547	60
435.742	884	488	260.227	175.515	318	1895	60
552.293	1151	483	317.639	234.654	338	2804	60
537.108	903	544	300.741	236.367	371	2295	60
493.864	692	499	221.061	272.803	415	2066	60
517.582	904	528	306.699	210.883	361	2130	60
419.71	686	481	215.708	204.002	360	2175	60
281.653	489	378	131.224	150.429	325	1154	60
234.354	406	321	123.063	111.291	322	1363	60
107.788	216	167	73.287	34.501	281	798	60
3124.422	22860	5812	581.2	1240.779	109	447	61
3623.131	27549	6047	604.7	1418.636	108	335	61
3707.326	49059	7098	709.8	1475.528	66	424	61
4132.338	83827	8323	832.3	2027.521	45	417	61
3793.771	83048	8799	879.9	2052.932	41	1474	61
3961.309	64747	9721	972.1	1495.843	53	2436	61
3281.411	9309	8314	831.4	758.175	186	1767	61
5247.697	15479	8368	836.8	1029.684	220	2781	61
5832.865	14099	8751	875.1	989.792	255	2262	61
5534.641	12353	8375	837.5	814.194	267	1446	61
5548.132	9090	8354	835.4	1114.938	318	1027	61
5201.135	10003	8238	823.8	923.413	285	871	61
3479.113	10411	7054	642.873	2836.24	199	647	61
3626.578	5535	6581	759.501	2867.077	299	586	61
3208.714	5295	6512	805.066	2403.649	272	505	61
2874.137	3185	6200	801.455	2072.682	306	447	61
2316.617	1540	5225	540.336	1776.28	342	401	61
1966.748	1552	3346	713.047	1253.701	402	354	61
999.531	3090	2502	249.084	750.448	179	303	61
1347.601	3004	2526	483.762	863.839	244	247	61
762.015	1918	2532	204.079	557.936	171	188	61
536.309	1971	2303	153.636	382.674	125	134	61
427.426	1018	1719	109.189	318.237	156	108	61
480.197	602	1330	108.172	372.025	249	121	61
221.917	71	208	20.8	59.963	795	2580	62
245.833	137	179	17.9	106.316	778	1835	62
694.731	428	272	27.2	309.466	992	3527	62
551.232	150	374	37.4	68.925	1052	2506	62
374.374	127	311	31.1	52.466	855	2002	62
476.266	207	308	30.8	105.518	925	1771	62
592.458	293	365	36.5	113.481	900	1840	62
967.442	769	462	46.2	342.944	786	2487	62
966.625	897	556	55.6	284.15	665	1862	62
1213.168	1139	583	58.3	295.561	705	1240	62
860.417	1079	688	68.8	276.368	487	851	62
842.911	1276	701	70.1	332.465	426	993	62
677.851	614	755	227.782	526.996	551	1044	62
836.899	840	748	319.816	517.082	527	1345	62
794.858	646	905	163.303	631.556	512	1334	62
615.514	429	745	198.158	417.356	524	1249	62
487.559	346	494	132.226	355.333	580	2093	62
1391.199	640	580	315.177	1076.022	1140	2998	62
623.91	451	792	158.291	465.62	502	1981	62
743.765	1122	856	232.735	511.03	376	1553	62
718.41	711	924	196.265	522.145	439	1044	62
529.351	300	815	110.572	418.779	475	888	62
548.98	245	648	134.46	414.52	615	1560	62
576.591	246	545	117.175	459.416	729	2023	62
1430.005	0	0	0	0	120	1172	63
1998.308	0	0	0	0	194	1481	63
2307.497	0	0	0	0	250	1491	63
1456.702	0	0	0	0	159	1013	63
1637.351	3684	6859	685.9	624.217	155	1113	63
2746.67	8678	6988	698.8	1639.144	175	1602	63
2918.119	8259	7418	741.8	1713.23	186	1680	63
2694.618	7674	6933	693.3	1531.534	184	1552	63
2880.892	7652	6972	697.2	1709.65	197	1609	63
2625.109	6038	6573	657.3	1568.372	208	1487	63
2315.936	5271	6182	618.2	1461.118	202	1470	63
3592.59	6038	2910	291	2266.385	401	2023	63
4173.853	6176	3516	2567.335	1606.518	431	2219	63
4033.762	5369	3240	2234.798	1798.964	469	972	63
2964.77	4372	2918	1601.836	1362.934	407	672	63
2937.246	3677	2840	1499.25	1437.996	451	650	63
2290.016	2754	2057	1139.328	1150.688	476	717	63
3408.373	5319	2086	2015.378	1392.996	460	3528	63
2922.373	5175	2086	1772.875	1149.499	402	4887	63
3060.394	4766	2249	1716.863	1343.531	436	1919	63
2418.961	6750	2281	1293.005	1125.956	268	1486	63
1246.859	1599	1978	455.394	791.465	349	1186	63
753.898	890	1441	298.848	455.049	323	1001	63
182.05	409	644	71.248	110.802	173	708	63
1188.306	3524	392	39.2	907.14	303	2168	64
2339.565	5879	784	78.4	1781.68	351	2996	64
2269.303	4602	1279	127.9	1253.864	386	3121	64
1637.772	2456	937	93.7	860.482	483	4189	64
2229.035	3110	648	64.8	1639.168	593	7505	64
1772.588	2548	770	77	1215.548	534	2573	64
1972.339	3671	821	82.1	1176.774	439	2006	64
1816.641	4294	818	81.8	1240.252	355	2520	64
1909.743	5181	862	86.2	1416.286	316	2701	64
2308.522	4021	1032	103.2	1394.609	457	2339	64
2765.361	5459	1494	149.4	1348.868	398	2813	64
3049.715	4726	2123	212.3	1658.55	445	2574	64
2160.328	3995	2672	994.609	1165.718	324	2657	64
2419.644	5356	2104	1161.194	1258.45	324	2722	64
2691.856	5594	2248	1293.143	1398.713	343	2971	64
2474.278	7970	2183	1398.433	1075.845	244	1549	64
1383.399	1980	1754	561.14	822.259	370	1035	64
1575.808	4021	2168	824.905	750.902	255	1048	64
640.674	1096	1220	252.886	387.788	277	937	64
1180.108	4412	1204	826.177	353.931	210	952	64
882.568	1025	1228	327.393	555.175	392	1018	64
1187.063	1393	776	406.592	780.471	547	1115	64
780.837	1034	698	446.763	334.074	451	949	64
1443.383	1600	843	675.722	767.661	591	1257	64
9260.892	11075	23057	2305.7	1960.928	271	114	65
9047.302	10906	22243	2224.3	1899.68	273	43	65
10518.765	12865	23203	2320.3	2306.223	292	27	65
11914.216	11992	24433	2443.3	2523.946	327	32	65
20635.317	19518	29099	2909.9	4669.711	424	32	65
18909.268	428	0	0	50.559	319	31	65
11824.204	10446	28856	2885.6	1964.086	301	29	65
19161.823	17071	29596	2959.6	3811.746	411	24	65
16139.183	8905	35700	3570	2528.475	362	26	65
11415.769	13459	22627	2262.7	3335.167	316	23	65
11465.09	15039	20581	2058.1	3833.593	322	21	65
15458.529	21015	23269	2326.9	4660.619	349	23	65
18715.62	10754	36175	2537.534	16178.086	399	24	65
14506.805	5980	29081	1291.729	13215.076	414	24	65
6207.528	5348	13881	2173.624	8381.152	323	18	65
10134.171	9978	9079	4368.129	5766.042	532	18	65
10954.106	5591	14719	1791.61	9162.496	539	18	65
13960.67	5831	17836	1909.31	12051.36	590	19	65
15084.515	6250	19756	1816.025	13268.49	580	19	65
17193.277	8308	22254	1687.718	15505.559	563	19	65
20658.517	61547	23683	4251.773	16406.744	242	19	65
15439.765	52957	20215	2727.357	12712.409	211	24	65
14058.841	28595	14440	5390.791	8668.05	327	25	65
10114.093	29435	9905	4223.036	5891.057	257	26	65
